ID,Total,MDU,MSA,MDO,MAX,Line,Month,Year,num_month,num_lines
120231,17.163,659,446,252,725,Azul,Jan,2023,1,1
220231,17.057,757,465,255,792,Azul,Fev,2023,2,1
320231,20.324,803,491,265,828,Azul,Mar,2023,3,1
420231,18.701,808,453,262,830,Azul,Abr,2023,4,1
120232,9.831,390,208,134,446,Verde,Jan,2023,1,2
220232,10.104,461,231,148,490,Verde,Fev,2023,2,2
320232,12.263,494,241,153,520,Verde,Mar,2023,3,2
420232,10.961,492,219,140,512,Verde,Abr,2023,4,2
120233,19.282,741,480,300,817,Vermelha,Jan,2023,1,3
220233,19.249,844,527,321,888,Vermelha,Fev,2023,2,3
320233,22.571,888,539,311,914,Vermelha,Mar,2023,3,3
420233,20.602,886,501,296,973,Vermelha,Abr,2023,4,3
1202315,1.505,59,35,20,66,Prata,Jan,2023,1,15
2202315,1.531,69,38,21,76,Prata,Fev,2023,2,15
3202315,1.692,72,40,21,74,Prata,Mar,2023,3,15
4202315,1.653,72,37,22,74,Prata,Abr,2023,4,15
120221,13.688,542,351,190,585,Azul,Jan,2022,1,1
220221,14.891,634,415,196,667,Azul,Fev,2022,2,1
320221,18.216,706,436,198,734,Azul,Mar,2022,3,1
420221,17.547,742,430,235,771,Azul,Abr,2022,4,1
520221,19.35,738,473,242,765,Azul,Mai,2022,5,1
620221,17.926,710,437,242,746,Azul,Jun,2022,6,1
720221,18.175,690,459,265,752,Azul,Jul,2022,7,1
820221,19.922,747,454,232,779,Azul,Ago,2022,8,1
920221,19.046,761,466,237,796,Azul,Set,2022,9,1
1020221,19.679,782,475,257,828,Azul,Out,2022,10,1
1120221,18.677,782,484,263,816,Azul,Nov,2022,11,1
1220221,18.176,691,511,291,845,Azul,Dez,2022,12,1
120222,7.484,302,169,100,331,Verde,Jan,2022,1,2
220222,8.486,367,198,129,389,Verde,Fev,2022,2,2
320222,10.739,424,215,130,444,Verde,Mar,2022,3,2
420222,10.196,444,212,134,459,Verde,Abr,2022,4,2
520222,11.447,447,228,135,468,Verde,Mai,2022,5,2
620222,10.638,431,214,153,447,Verde,Jun,2022,6,2
720222,10.49,413,222,146,430,Verde,Jul,2022,7,2
820222,12.057,460,231,136,487,Verde,Ago,2022,8,2
920222,11.553,470,235,135,490,Verde,Set,2022,9,2
1020222,11.672,475,238,150,498,Verde,Out,2022,10,2
1120222,11.039,477,237,144,501,Verde,Nov,2022,11,2
1220222,10.182,396,248,151,495,Verde,Dez,2022,12,2
120223,16.226,639,411,235,696,Vermelha,Jan,2022,1,3
220223,17.63,743,478,289,775,Vermelha,Fev,2022,2,3
320223,21.835,840,513,287,895,Vermelha,Mar,2022,3,3
420223,20.508,859,499,308,877,Vermelha,Abr,2022,4,3
520223,22.453,847,542,324,877,Vermelha,Mai,2022,5,3
620223,20.959,823,514,322,858,Vermelha,Jun,2022,6,3
720223,20.746,795,511,303,833,Vermelha,Jul,2022,7,3
820223,22.792,849,513,305,888,Vermelha,Ago,2022,8,3
920223,21.793,865,534,290,910,Vermelha,Set,2022,9,3
1020223,22.203,878,533,305,918,Vermelha,Out,2022,10,3
1120223,21.421,889,560,320,928,Vermelha,Nov,2022,11,3
1220223,21.117,793,642,348,959,Vermelha,Dez,2022,12,3
1202215,1.142,46,28,14,50,Prata,Jan,2022,1,15
2202215,1.294,55,34,18,59,Prata,Fev,2022,2,15
3202215,1.587,62,36,18,64,Prata,Mar,2022,3,15
4202215,1.507,64,36,19,69,Prata,Abr,2022,4,15
5202215,1.674,64,39,20,66,Prata,Mai,2022,5,15
6202215,1.596,64,35,20,70,Prata,Jun,2022,6,15
7202215,1.517,62,26,16,64,Prata,Jul,2022,7,15
8202215,1.709,67,28,17,69,Prata,Ago,2022,8,15
9202215,1.661,68,34,20,74,Prata,Set,2022,9,15
10202215,1.679,69,33,19,71,Prata,Out,2022,10,15
11202215,1.654,71,34,22,74,Prata,Nov,2022,11,15
12202215,1.555,62,25,19,75,Prata,Dez,2022,12,15
120211,11.572,483,263,157,512,Azul,Jan,2021,1,1
220211,11.87,509,304,158,526,Azul,Fev,2021,2,1
320211,9.795,398,192,100,531,Azul,Mar,2021,3,1
420211,9.192,388,204,109,449,Azul,Abr,2021,4,1
520211,11.414,459,295,145,476,Azul,Mai,2021,5,1
620211,12.216,476,311,159,497,Azul,Jun,2021,6,1
720211,12.8,489,318,166,517,Azul,Jul,2021,7,1
820211,13.887,531,336,173,553,Azul,Ago,2021,8,1
920211,14.62,580,373,202,600,Azul,Set,2021,9,1
1020211,15.384,614,403,196,652,Azul,Out,2021,10,1
1120211,16.326,662,443,241,679,Azul,Nov,2021,11,1
1220211,16.317,627,495,250,712,Azul,Dez,2021,12,1
120212,6.058,261,119,73,275,Verde,Jan,2021,1,2
220212,6.334,279,142,80,286,Verde,Fev,2021,2,2
320212,5.57,230,99,53,286,Verde,Mar,2021,3,2
420212,5.161,220,105,61,250,Verde,Abr,2021,4,2
520212,6.301,256,144,78,266,Verde,Mai,2021,5,2
620212,6.794,270,154,85,277,Verde,Jun,2021,6,2
720212,7.114,275,162,94,288,Verde,Jul,2021,7,2
820212,7.899,306,165,101,322,Verde,Ago,2021,8,2
920212,8.167,328,178,118,338,Verde,Set,2021,9,2
1020212,8.506,348,195,112,365,Verde,Out,2021,10,2
1120212,8.913,370,204,136,382,Verde,Nov,2021,11,2
1220212,8.877,349,225,138,398,Verde,Dez,2021,12,2
120213,14.433,601,329,197,639,Vermelha,Jan,2021,1,3
220213,14.848,635,379,212,658,Vermelha,Fev,2021,2,3
320213,12.699,511,256,144,664,Vermelha,Mar,2021,3,3
420213,11.808,493,266,153,566,Vermelha,Abr,2021,4,3
520213,14.212,568,369,191,592,Vermelha,Mai,2021,5,3
620213,15.052,589,384,184,617,Vermelha,Jun,2021,6,3
720213,15.736,603,387,198,635,Vermelha,Jul,2021,7,3
820213,16.941,650,402,209,680,Vermelha,Ago,2021,8,3
920213,17.307,691,432,231,742,Vermelha,Set,2021,9,3
1020213,18.109,723,463,243,764,Vermelha,Out,2021,10,3
1120213,19.133,773,517,298,792,Vermelha,Nov,2021,11,3
1220213,19.29,737,582,310,850,Vermelha,Dez,2021,12,3
1202115,932.0,39,21,12,42,Prata,Jan,2021,1,15
2202115,966.0,41,24,13,43,Prata,Fev,2021,2,15
3202115,887.0,36,18,10,43,Prata,Mar,2021,3,15
4202115,831.0,35,19,10,39,Prata,Abr,2021,4,15
5202115,970.0,39,25,13,41,Prata,Mai,2021,5,15
6202115,1.055,41,26,14,43,Prata,Jun,2021,6,15
7202115,1.031,43,17,9,46,Prata,Jul,2021,7,15
8202115,1.176,47,23,10,50,Prata,Ago,2021,8,15
9202115,1.214,50,30,11,51,Prata,Set,2021,9,15
10202115,1.195,52,23,8,55,Prata,Out,2021,10,15
11202115,1.33,56,33,18,57,Prata,Nov,2021,11,15
12202115,1.296,51,37,14,59,Prata,Dez,2021,12,15
